0	:invoke	:broadcast	0
0	:ok	:broadcast	0
1	:invoke	:broadcast	1
1	:ok	:broadcast	1
2	:invoke	:broadcast	2
2	:ok	:broadcast	2
3	:invoke	:broadcast	3
3	:ok	:broadcast	3
4	:invoke	:broadcast	4
4	:ok	:broadcast	4
0	:invoke	:broadcast	5
0	:ok	:broadcast	5
0	:invoke	:broadcast	6
0	:ok	:broadcast	6
1	:invoke	:broadcast	7
1	:ok	:broadcast	7
2	:invoke	:broadcast	8
2	:ok	:broadcast	8
3	:invoke	:broadcast	9
3	:ok	:broadcast	9
4	:invoke	:read	nil
4	:ok	:read	[0 1 2 3 4 5 6 7 8 9]
0	:invoke	:broadcast	10
0	:ok	:broadcast	10
0	:invoke	:read	nil
0	:ok	:read	[0 1 2 3 4 5 6 7 8 9 10]
1	:invoke	:broadcast	11
1	:ok	:broadcast	11
2	:invoke	:broadcast	12
2	:ok	:broadcast	12
3	:invoke	:read	nil
3	:ok	:read	[0 1 2 3 4 5 6 7 8 9 10 11 12]
4	:invoke	:broadcast	13
4	:ok	:broadcast	13
0	:invoke	:broadcast	14
0	:ok	:broadcast	14
0	:invoke	:read	nil
0	:ok	:read	[0 1 2 3 4 5 6 7 8 9 10 11 12 13 14]
1	:invoke	:read	nil
1	:ok	:read	[0 1 2 3 4 5 6 7 8 9 10 11 12 13 14]
2	:invoke	:read	nil
2	:ok	:read	[0 1 2 3 4 5 6 7 8 9 10 11 12 13 14]
3	:invoke	:broadcast	15
3	:ok	:broadcast	15
4	:invoke	:broadcast	16
4	:ok	:broadcast	16
0	:invoke	:broadcast	17
0	:ok	:broadcast	17
0	:invoke	:broadcast	18
0	:ok	:broadcast	18
1	:invoke	:broadcast	19
1	:ok	:broadcast	19
2	:invoke	:broadcast	20
2	:ok	:broadcast	20
3	:invoke	:read	nil
3	:ok	:read	[0 1 2 3 4 5 6 7 8 9 10 11 12 13 14 15 16 17 18 19 20]
4	:invoke	:broadcast	21
4	:ok	:broadcast	21
0	:invoke	:read	nil
0	:ok	:read	[0 1 2 3 4 5 6 7 8 9 10 11 12 13 14 15 16 17 18 19 20 21]
0	:invoke	:broadcast	22
0	:ok	:broadcast	22
1	:invoke	:broadcast	23
1	:ok	:broadcast	23
2	:invoke	:read	nil
2	:ok	:read	[0 1 2 3 4 5 6 7 8 9 10 11 12 13 14 15 16 17 18 19 20 21 22 23]
3	:invoke	:broadcast	24
3	:ok	:broadcast	24
4	:invoke	:broadcast	25
4	:ok	:broadcast	25
0	:invoke	:read	nil
0	:ok	:read	[0 1 2 3 4 5 6 7 8 9 10 11 12 13 14 15 16 17 18 19 20 21 22 23 24 25]
0	:invoke	:broadcast	26
0	:ok	:broadcast	26
1	:invoke	:broadcast	27
1	:ok	:broadcast	27
2	:invoke	:broadcast	28
2	:ok	:broadcast	28
3	:invoke	:broadcast	29
3	:ok	:broadcast	29
4	:invoke	:read	nil
4	:ok	:read	[0 1 2 3 4 5 6 7 8 9 10 11 12 13 14 15 16 17 18 19 20 21 22 23 24 25 26 27 28 29]
0	:invoke	:broadcast	30
0	:ok	:broadcast	30
0	:invoke	:broadcast	31
0	:ok	:broadcast	31
1	:invoke	:read	nil
1	:ok	:read	[0 1 2 3 4 5 6 7 8 9 10 11 12 13 14 15 16 17 18 19 20 21 22 23 24 25 26 27 28 29 30 31]
2	:invoke	:read	nil
2	:ok	:read	[0 1 2 3 4 5 6 7 8 9 10 11 12 13 14 15 16 17 18 19 20 21 22 23 24 25 26 27 28 29 30 31]
3	:invoke	:read	nil
3	:ok	:read	[0 1 2 3 4 5 6 7 8 9 10 11 12 13 14 15 16 17 18 19 20 21 22 23 24 25 26 27 28 29 30 31]
4	:invoke	:read	nil
4	:ok	:read	[0 1 2 3 4 5 6 7 8 9 10 11 12 13 14 15 16 17 18 19 20 21 22 23 24 25 26 27 28 29 30 31]
0	:invoke	:broadcast	32
0	:ok	:broadcast	32
0	:invoke	:read	nil
0	:ok	:read	[0 1 2 3 4 5 6 7 8 9 10 11 12 13 14 15 16 17 18 19 20 21 22 23 24 25 26 27 28 29 30 31 32]
1	:invoke	:read	nil
1	:ok	:read	[0 1 2 3 4 5 6 7 8 9 10 11 12 13 14 15 16 17 18 19 20 21 22 23 24 25 26 27 28 29 30 31 32]
2	:invoke	:read	nil
2	:ok	:read	[0 1 2 3 4 5 6 7 8 9 10 11 12 13 14 15 16 17 18 19 20 21 22 23 24 25 26 27 28 29 30 31 32]
3	:invoke	:broadcast	33
3	:ok	:broadcast	33
4	:invoke	:broadcast	34
4	:ok	:broadcast	34
0	:invoke	:read	nil
0	:ok	:read	[0 1 2 3 4 5 6 7 8 9 10 11 12 13 14 15 16 17 18 19 20 21 22 23 24 25 26 27 28 29 30 31 32 33 34]
0	:invoke	:read	nil
0	:ok	:read	[0 1 2 3 4 5 6 7 8 9 10 11 12 13 14 15 16 17 18 19 20 21 22 23 24 25 26 27 28 29 30 31 32 33 34]
1	:invoke	:read	nil
1	:ok	:read	[0 1 2 3 4 5 6 7 8 9 10 11 12 13 14 15 16 17 18 19 20 21 22 23 24 25 26 27 28 29 30 31 32 33 34]
2	:invoke	:read	nil
2	:ok	:read	[0 1 2 3 4 5 6 7 8 9 10 11 12 13 14 15 16 17 18 19 20 21 22 23 24 25 26 27 28 29 30 31 32 33 34]
3	:invoke	:read	nil
3	:ok	:read	[0 1 2 3 4 5 6 7 8 9 10 11 12 13 14 15 16 17 18 19 20 21 22 23 24 25 26 27 28 29 30 31 32 33 34]
4	:invoke	:broadcast	35
4	:ok	:broadcast	35
0	:invoke	:read	nil
0	:ok	:read	[0 1 2 3 4 5 6 7 8 9 10 11 12 13 14 15 16 17 18 19 20 21 22 23 24 25 26 27 28 29 30 31 32 33 34 35]
0	:invoke	:read	nil
0	:ok	:read	[0 1 2 3 4 5 6 7 8 9 10 11 12 13 14 15 16 17 18 19 20 21 22 23 24 25 26 27 28 29 30 31 32 33 34 35]
1	:invoke	:read	nil
1	:ok	:read	[0 1 2 3 4 5 6 7 8 9 10 11 12 13 14 15 16 17 18 19 20 21 22 23 24 25 26 27 28 29 30 31 32 33 34 35]
2	:invoke	:broadcast	36
2	:ok	:broadcast	36
3	:invoke	:read	nil
3	:ok	:read	[0 1 2 3 4 5 6 7 8 9 10 11 12 13 14 15 16 17 18 19 20 21 22 23 24 25 26 27 28 29 30 31 32 33 34 35 36]
4	:invoke	:read	nil
4	:ok	:read	[0 1 2 3 4 5 6 7 8 9 10 11 12 13 14 15 16 17 18 19 20 21 22 23 24 25 26 27 28 29 30 31 32 33 34 35 36]
0	:invoke	:broadcast	37
0	:ok	:broadcast	37
0	:invoke	:broadcast	38
0	:ok	:broadcast	38
1	:invoke	:read	nil
1	:ok	:read	[0 1 2 3 4 5 6 7 8 9 10 11 12 13 14 15 16 17 18 19 20 21 22 23 24 25 26 27 28 29 30 31 32 33 34 35 36 37 38]
2	:invoke	:read	nil
2	:ok	:read	[0 1 2 3 4 5 6 7 8 9 10 11 12 13 14 15 16 17 18 19 20 21 22 23 24 25 26 27 28 29 30 31 32 33 34 35 36 37 38]
3	:invoke	:broadcast	39
3	:ok	:broadcast	39
4	:invoke	:broadcast	40
4	:ok	:broadcast	40
0	:invoke	:read	nil
0	:ok	:read	[0 1 2 3 4 5 6 7 8 9 10 11 12 13 14 15 16 17 18 19 20 21 22 23 24 25 26 27 28 29 30 31 32 33 34 35 36 37 38 39 40]
0	:invoke	:broadcast	41
0	:ok	:broadcast	41
1	:invoke	:broadcast	42
1	:ok	:broadcast	42
2	:invoke	:read	nil
2	:ok	:read	[0 1 2 3 4 5 6 7 8 9 10 11 12 13 14 15 16 17 18 19 20 21 22 23 24 25 26 27 28 29 30 31 32 33 34 35 36 37 38 39 40 41 42]
3	:invoke	:read	nil
3	:ok	:read	[0 1 2 3 4 5 6 7 8 9 10 11 12 13 14 15 16 17 18 19 20 21 22 23 24 25 26 27 28 29 30 31 32 33 34 35 36 37 38 39 40 41 42]
4	:invoke	:read	nil
4	:ok	:read	[0 1 2 3 4 5 6 7 8 9 10 11 12 13 14 15 16 17 18 19 20 21 22 23 24 25 26 27 28 29 30 31 32 33 34 35 36 37 38 39 40 41 42]
0	:invoke	:broadcast	43
0	:ok	:broadcast	43
0	:invoke	:read	nil
0	:ok	:read	[0 1 2 3 4 5 6 7 8 9 10 11 12 13 14 15 16 17 18 19 20 21 22 23 24 25 26 27 28 29 30 31 32 33 34 35 36 37 38 39 40 41 42 43]
1	:invoke	:broadcast	44
1	:ok	:broadcast	44
2	:invoke	:read	nil
2	:ok	:read	[0 1 2 3 4 5 6 7 8 9 10 11 12 13 14 15 16 17 18 19 20 21 22 23 24 25 26 27 28 29 30 31 32 33 34 35 36 37 38 39 40 41 42 43 44]
3	:invoke	:read	nil
3	:ok	:read	[0 1 2 3 4 5 6 7 8 9 10 11 12 13 14 15 16 17 18 19 20 21 22 23 24 25 26 27 28 29 30 31 32 33 34 35 36 37 38 39 40 41 42 43 44]
4	:invoke	:broadcast	45
4	:ok	:broadcast	45
0	:invoke	:broadcast	46
0	:ok	:broadcast	46
0	:invoke	:broadcast	47
0	:ok	:broadcast	47
1	:invoke	:read	nil
1	:ok	:read	[0 1 2 3 4 5 6 7 8 9 10 11 12 13 14 15 16 17 18 19 20 21 22 23 24 25 26 27 28 29 30 31 32 33 34 35 36 37 38 39 40 41 42 43 44 45 46 47]
2	:invoke	:broadcast	48
2	:ok	:broadcast	48
3	:invoke	:broadcast	49
3	:ok	:broadcast	49
4	:invoke	:read	nil
4	:ok	:read	[0 1 2 3 4 5 6 7 8 9 10 11 12 13 14 15 16 17 18 19 20 21 22 23 24 25 26 27 28 29 30 31 32 33 34 35 36 37 38 39 40 41 42 43 44 45 46 47 48 49]
0	:invoke	:read	nil
0	:ok	:read	[0 1 2 3 4 5 6 7 8 9 10 11 12 13 14 15 16 17 18 19 20 21 22 23 24 25 26 27 28 29 30 31 32 33 34 35 36 37 38 39 40 41 42 43 44 45 46 47 48 49]
0	:invoke	:broadcast	50
0	:ok	:broadcast	50
1	:invoke	:broadcast	51
1	:ok	:broadcast	51
2	:invoke	:read	nil
2	:ok	:read	[0 1 2 3 4 5 6 7 8 9 10 11 12 13 14 15 16 17 18 19 20 21 22 23 24 25 26 27 28 29 30 31 32 33 34 35 36 37 38 39 40 41 42 43 44 45 46 47 48 49 50 51]
3	:invoke	:read	nil
3	:ok	:read	[0 1 2 3 4 5 6 7 8 9 10 11 12 13 14 15 16 17 18 19 20 21 22 23 24 25 26 27 28 29 30 31 32 33 34 35 36 37 38 39 40 41 42 43 44 45 46 47 48 49 50 51]
4	:invoke	:broadcast	52
4	:ok	:broadcast	52
0	:invoke	:read	nil
0	:ok	:read	[0 1 2 3 4 5 6 7 8 9 10 11 12 13 14 15 16 17 18 19 20 21 22 23 24 25 26 27 28 29 30 31 32 33 34 35 36 37 38 39 40 41 42 43 44 45 46 47 48 49 50 51 52]
0	:invoke	:read	nil
0	:ok	:read	[0 1 2 3 4 5 6 7 8 9 10 11 12 13 14 15 16 17 18 19 20 21 22 23 24 25 26 27 28 29 30 31 32 33 34 35 36 37 38 39 40 41 42 43 44 45 46 47 48 49 50 51 52]
1	:invoke	:read	nil
1	:ok	:read	[0 1 2 3 4 5 6 7 8 9 10 11 12 13 14 15 16 17 18 19 20 21 22 23 24 25 26 27 28 29 30 31 32 33 34 35 36 37 38 39 40 41 42 43 44 45 46 47 48 49 50 51 52]
2	:invoke	:read	nil
2	:ok	:read	[0 1 2 3 4 5 6 7 8 9 10 11 12 13 14 15 16 17 18 19 20 21 22 23 24 25 26 27 28 29 30 31 32 33 34 35 36 37 38 39 40 41 42 43 44 45 46 47 48 49 50 51 52]
3	:invoke	:broadcast	53
4	:invoke	:read	nil
3	:ok	:broadcast	53
4	:ok	:read	[0 1 2 3 4 5 6 7 8 9 10 11 12 13 14 15 16 17 18 19 20 21 22 23 24 25 26 27 28 29 30 31 32 33 34 35 36 37 38 39 40 41 42 43 44 45 46 47 48 49 50 51 52]
0	:invoke	:broadcast	54
0	:ok	:broadcast	54
0	:invoke	:read	nil
0	:ok	:read	[0 1 2 3 4 5 6 7 8 9 10 11 12 13 14 15 16 17 18 19 20 21 22 23 24 25 26 27 28 29 30 31 32 33 34 35 36 37 38 39 40 41 42 43 44 45 46 47 48 49 50 51 52 53 54]
1	:invoke	:read	nil
1	:ok	:read	[0 1 2 3 4 5 6 7 8 9 10 11 12 13 14 15 16 17 18 19 20 21 22 23 24 25 26 27 28 29 30 31 32 33 34 35 36 37 38 39 40 41 42 43 44 45 46 47 48 49 50 51 52 53 54]
2	:invoke	:broadcast	55
2	:ok	:broadcast	55
3	:invoke	:read	nil
3	:ok	:read	[0 1 2 3 4 5 6 7 8 9 10 11 12 13 14 15 16 17 18 19 20 21 22 23 24 25 26 27 28 29 30 31 32 33 34 35 36 37 38 39 40 41 42 43 44 45 46 47 48 49 50 51 52 53 54 55]
4	:invoke	:broadcast	56
4	:ok	:broadcast	56
0	:invoke	:read	nil
0	:ok	:read	[0 1 2 3 4 5 6 7 8 9 10 11 12 13 14 15 16 17 18 19 20 21 22 23 24 25 26 27 28 29 30 31 32 33 34 35 36 37 38 39 40 41 42 43 44 45 46 47 48 49 50 51 52 53 54 55 56]
0	:invoke	:broadcast	57
0	:ok	:broadcast	57
1	:invoke	:read	nil
1	:ok	:read	[0 1 2 3 4 5 6 7 8 9 10 11 12 13 14 15 16 17 18 19 20 21 22 23 24 25 26 27 28 29 30 31 32 33 34 35 36 37 38 39 40 41 42 43 44 45 46 47 48 49 50 51 52 53 54 55 56 57]
2	:invoke	:broadcast	58
2	:ok	:broadcast	58
3	:invoke	:broadcast	59
3	:ok	:broadcast	59
4	:invoke	:read	nil
4	:ok	:read	[0 1 2 3 4 5 6 7 8 9 10 11 12 13 14 15 16 17 18 19 20 21 22 23 24 25 26 27 28 29 30 31 32 33 34 35 36 37 38 39 40 41 42 43 44 45 46 47 48 49 50 51 52 53 54 55 56 57 58 59]
0	:invoke	:broadcast	60
0	:ok	:broadcast	60
0	:invoke	:broadcast	61
0	:ok	:broadcast	61
1	:invoke	:read	nil
1	:ok	:read	[0 1 2 3 4 5 6 7 8 9 10 11 12 13 14 15 16 17 18 19 20 21 22 23 24 25 26 27 28 29 30 31 32 33 34 35 36 37 38 39 40 41 42 43 44 45 46 47 48 49 50 51 52 53 54 55 56 57 58 59 60 61]
2	:invoke	:broadcast	62
2	:ok	:broadcast	62
3	:invoke	:read	nil
3	:ok	:read	[0 1 2 3 4 5 6 7 8 9 10 11 12 13 14 15 16 17 18 19 20 21 22 23 24 25 26 27 28 29 30 31 32 33 34 35 36 37 38 39 40 41 42 43 44 45 46 47 48 49 50 51 52 53 54 55 56 57 58 59 60 61 62]
4	:invoke	:read	nil
4	:ok	:read	[0 1 2 3 4 5 6 7 8 9 10 11 12 13 14 15 16 17 18 19 20 21 22 23 24 25 26 27 28 29 30 31 32 33 34 35 36 37 38 39 40 41 42 43 44 45 46 47 48 49 50 51 52 53 54 55 56 57 58 59 60 61 62]
0	:invoke	:broadcast	63
0	:ok	:broadcast	63
0	:invoke	:broadcast	64
0	:ok	:broadcast	64
1	:invoke	:read	nil
1	:ok	:read	[0 1 2 3 4 5 6 7 8 9 10 11 12 13 14 15 16 17 18 19 20 21 22 23 24 25 26 27 28 29 30 31 32 33 34 35 36 37 38 39 40 41 42 43 44 45 46 47 48 49 50 51 52 53 54 55 56 57 58 59 60 61 62 63 64]
2	:invoke	:broadcast	65
2	:ok	:broadcast	65
3	:invoke	:read	nil
3	:ok	:read	[0 1 2 3 4 5 6 7 8 9 10 11 12 13 14 15 16 17 18 19 20 21 22 23 24 25 26 27 28 29 30 31 32 33 34 35 36 37 38 39 40 41 42 43 44 45 46 47 48 49 50 51 52 53 54 55 56 57 58 59 60 61 62 63 64 65]
4	:invoke	:broadcast	66
4	:ok	:broadcast	66
0	:invoke	:broadcast	67
0	:ok	:broadcast	67
0	:invoke	:read	nil
0	:ok	:read	[0 1 2 3 4 5 6 7 8 9 10 11 12 13 14 15 16 17 18 19 20 21 22 23 24 25 26 27 28 29 30 31 32 33 34 35 36 37 38 39 40 41 42 43 44 45 46 47 48 49 50 51 52 53 54 55 56 57 58 59 60 61 62 63 64 65 66 67]
1	:invoke	:broadcast	68
1	:ok	:broadcast	68
2	:invoke	:broadcast	69
2	:ok	:broadcast	69
3	:invoke	:read	nil
3	:ok	:read	[0 1 2 3 4 5 6 7 8 9 10 11 12 13 14 15 16 17 18 19 20 21 22 23 24 25 26 27 28 29 30 31 32 33 34 35 36 37 38 39 40 41 42 43 44 45 46 47 48 49 50 51 52 53 54 55 56 57 58 59 60 61 62 63 64 65 66 67 68 69]
4	:invoke	:read	nil
4	:ok	:read	[0 1 2 3 4 5 6 7 8 9 10 11 12 13 14 15 16 17 18 19 20 21 22 23 24 25 26 27 28 29 30 31 32 33 34 35 36 37 38 39 40 41 42 43 44 45 46 47 48 49 50 51 52 53 54 55 56 57 58 59 60 61 62 63 64 65 66 67 68 69]
0	:invoke	:read	nil
0	:ok	:read	[0 1 2 3 4 5 6 7 8 9 10 11 12 13 14 15 16 17 18 19 20 21 22 23 24 25 26 27 28 29 30 31 32 33 34 35 36 37 38 39 40 41 42 43 44 45 46 47 48 49 50 51 52 53 54 55 56 57 58 59 60 61 62 63 64 65 66 67 68 69]
0	:invoke	:read	nil
0	:ok	:read	[0 1 2 3 4 5 6 7 8 9 10 11 12 13 14 15 16 17 18 19 20 21 22 23 24 25 26 27 28 29 30 31 32 33 34 35 36 37 38 39 40 41 42 43 44 45 46 47 48 49 50 51 52 53 54 55 56 57 58 59 60 61 62 63 64 65 66 67 68 69]
1	:invoke	:read	nil
1	:ok	:read	[0 1 2 3 4 5 6 7 8 9 10 11 12 13 14 15 16 17 18 19 20 21 22 23 24 25 26 27 28 29 30 31 32 33 34 35 36 37 38 39 40 41 42 43 44 45 46 47 48 49 50 51 52 53 54 55 56 57 58 59 60 61 62 63 64 65 66 67 68 69]
2	:invoke	:read	nil
2	:ok	:read	[0 1 2 3 4 5 6 7 8 9 10 11 12 13 14 15 16 17 18 19 20 21 22 23 24 25 26 27 28 29 30 31 32 33 34 35 36 37 38 39 40 41 42 43 44 45 46 47 48 49 50 51 52 53 54 55 56 57 58 59 60 61 62 63 64 65 66 67 68 69]
3	:invoke	:broadcast	70
3	:ok	:broadcast	70
4	:invoke	:read	nil
4	:ok	:read	[0 1 2 3 4 5 6 7 8 9 10 11 12 13 14 15 16 17 18 19 20 21 22 23 24 25 26 27 28 29 30 31 32 33 34 35 36 37 38 39 40 41 42 43 44 45 46 47 48 49 50 51 52 53 54 55 56 57 58 59 60 61 62 63 64 65 66 67 68 69 70]
0	:invoke	:broadcast	71
0	:ok	:broadcast	71
0	:invoke	:broadcast	72
0	:ok	:broadcast	72
1	:invoke	:broadcast	73
1	:ok	:broadcast	73
2	:invoke	:read	nil
2	:ok	:read	[0 1 2 3 4 5 6 7 8 9 10 11 12 13 14 15 16 17 18 19 20 21 22 23 24 25 26 27 28 29 30 31 32 33 34 35 36 37 38 39 40 41 42 43 44 45 46 47 48 49 50 51 52 53 54 55 56 57 58 59 60 61 62 63 64 65 66 67 68 69 70 71 72 73]
3	:invoke	:broadcast	74
3	:ok	:broadcast	74
4	:invoke	:broadcast	75
4	:ok	:broadcast	75
0	:invoke	:broadcast	76
0	:ok	:broadcast	76
0	:invoke	:broadcast	77
0	:ok	:broadcast	77
1	:invoke	:read	nil
1	:ok	:read	[0 1 2 3 4 5 6 7 8 9 10 11 12 13 14 15 16 17 18 19 20 21 22 23 24 25 26 27 28 29 30 31 32 33 34 35 36 37 38 39 40 41 42 43 44 45 46 47 48 49 50 51 52 53 54 55 56 57 58 59 60 61 62 63 64 65 66 67 68 69 70 71 72 73 74 75 76 77]
2	:invoke	:read	nil
2	:ok	:read	[0 1 2 3 4 5 6 7 8 9 10 11 12 13 14 15 16 17 18 19 20 21 22 23 24 25 26 27 28 29 30 31 32 33 34 35 36 37 38 39 40 41 42 43 44 45 46 47 48 49 50 51 52 53 54 55 56 57 58 59 60 61 62 63 64 65 66 67 68 69 70 71 72 73 74 75 76 77]
3	:invoke	:read	nil
3	:ok	:read	[0 1 2 3 4 5 6 7 8 9 10 11 12 13 14 15 16 17 18 19 20 21 22 23 24 25 26 27 28 29 30 31 32 33 34 35 36 37 38 39 40 41 42 43 44 45 46 47 48 49 50 51 52 53 54 55 56 57 58 59 60 61 62 63 64 65 66 67 68 69 70 71 72 73 74 75 76 77]
4	:invoke	:read	nil
4	:ok	:read	[0 1 2 3 4 5 6 7 8 9 10 11 12 13 14 15 16 17 18 19 20 21 22 23 24 25 26 27 28 29 30 31 32 33 34 35 36 37 38 39 40 41 42 43 44 45 46 47 48 49 50 51 52 53 54 55 56 57 58 59 60 61 62 63 64 65 66 67 68 69 70 71 72 73 74 75 76 77]
0	:invoke	:read	nil
0	:ok	:read	[0 1 2 3 4 5 6 7 8 9 10 11 12 13 14 15 16 17 18 19 20 21 22 23 24 25 26 27 28 29 30 31 32 33 34 35 36 37 38 39 40 41 42 43 44 45 46 47 48 49 50 51 52 53 54 55 56 57 58 59 60 61 62 63 64 65 66 67 68 69 70 71 72 73 74 75 76 77]
0	:invoke	:broadcast	78
0	:ok	:broadcast	78
1	:invoke	:read	nil
1	:ok	:read	[0 1 2 3 4 5 6 7 8 9 10 11 12 13 14 15 16 17 18 19 20 21 22 23 24 25 26 27 28 29 30 31 32 33 34 35 36 37 38 39 40 41 42 43 44 45 46 47 48 49 50 51 52 53 54 55 56 57 58 59 60 61 62 63 64 65 66 67 68 69 70 71 72 73 74 75 76 77 78]
2	:invoke	:read	nil
2	:ok	:read	[0 1 2 3 4 5 6 7 8 9 10 11 12 13 14 15 16 17 18 19 20 21 22 23 24 25 26 27 28 29 30 31 32 33 34 35 36 37 38 39 40 41 42 43 44 45 46 47 48 49 50 51 52 53 54 55 56 57 58 59 60 61 62 63 64 65 66 67 68 69 70 71 72 73 74 75 76 77 78]
3	:invoke	:broadcast	79
3	:ok	:broadcast	79
4	:invoke	:read	nil
4	:ok	:read	[0 1 2 3 4 5 6 7 8 9 10 11 12 13 14 15 16 17 18 19 20 21 22 23 24 25 26 27 28 29 30 31 32 33 34 35 36 37 38 39 40 41 42 43 44 45 46 47 48 49 50 51 52 53 54 55 56 57 58 59 60 61 62 63 64 65 66 67 68 69 70 71 72 73 74 75 76 77 78 79]
0	:invoke	:read	nil
0	:ok	:read	[0 1 2 3 4 5 6 7 8 9 10 11 12 13 14 15 16 17 18 19 20 21 22 23 24 25 26 27 28 29 30 31 32 33 34 35 36 37 38 39 40 41 42 43 44 45 46 47 48 49 50 51 52 53 54 55 56 57 58 59 60 61 62 63 64 65 66 67 68 69 70 71 72 73 74 75 76 77 78 79]
0	:invoke	:read	nil
0	:ok	:read	[0 1 2 3 4 5 6 7 8 9 10 11 12 13 14 15 16 17 18 19 20 21 22 23 24 25 26 27 28 29 30 31 32 33 34 35 36 37 38 39 40 41 42 43 44 45 46 47 48 49 50 51 52 53 54 55 56 57 58 59 60 61 62 63 64 65 66 67 68 69 70 71 72 73 74 75 76 77 78 79]
1	:invoke	:read	nil
1	:ok	:read	[0 1 2 3 4 5 6 7 8 9 10 11 12 13 14 15 16 17 18 19 20 21 22 23 24 25 26 27 28 29 30 31 32 33 34 35 36 37 38 39 40 41 42 43 44 45 46 47 48 49 50 51 52 53 54 55 56 57 58 59 60 61 62 63 64 65 66 67 68 69 70 71 72 73 74 75 76 77 78 79]
2	:invoke	:broadcast	80
2	:ok	:broadcast	80
3	:invoke	:broadcast	81
3	:ok	:broadcast	81
4	:invoke	:broadcast	82
4	:ok	:broadcast	82
0	:invoke	:read	nil
0	:ok	:read	[0 1 2 3 4 5 6 7 8 9 10 11 12 13 14 15 16 17 18 19 20 21 22 23 24 25 26 27 28 29 30 31 32 33 34 35 36 37 38 39 40 41 42 43 44 45 46 47 48 49 50 51 52 53 54 55 56 57 58 59 60 61 62 63 64 65 66 67 68 69 70 71 72 73 74 75 76 77 78 79 80 81 82]
0	:invoke	:read	nil
0	:ok	:read	[0 1 2 3 4 5 6 7 8 9 10 11 12 13 14 15 16 17 18 19 20 21 22 23 24 25 26 27 28 29 30 31 32 33 34 35 36 37 38 39 40 41 42 43 44 45 46 47 48 49 50 51 52 53 54 55 56 57 58 59 60 61 62 63 64 65 66 67 68 69 70 71 72 73 74 75 76 77 78 79 80 81 82]
1	:invoke	:read	nil
1	:ok	:read	[0 1 2 3 4 5 6 7 8 9 10 11 12 13 14 15 16 17 18 19 20 21 22 23 24 25 26 27 28 29 30 31 32 33 34 35 36 37 38 39 40 41 42 43 44 45 46 47 48 49 50 51 52 53 54 55 56 57 58 59 60 61 62 63 64 65 66 67 68 69 70 71 72 73 74 75 76 77 78 79 80 81 82]
2	:invoke	:broadcast	83
2	:ok	:broadcast	83
3	:invoke	:read	nil
3	:ok	:read	[0 1 2 3 4 5 6 7 8 9 10 11 12 13 14 15 16 17 18 19 20 21 22 23 24 25 26 27 28 29 30 31 32 33 34 35 36 37 38 39 40 41 42 43 44 45 46 47 48 49 50 51 52 53 54 55 56 57 58 59 60 61 62 63 64 65 66 67 68 69 70 71 72 73 74 75 76 77 78 79 80 81 82 83]
4	:invoke	:broadcast	84
4	:ok	:broadcast	84
0	:invoke	:read	nil
0	:ok	:read	[0 1 2 3 4 5 6 7 8 9 10 11 12 13 14 15 16 17 18 19 20 21 22 23 24 25 26 27 28 29 30 31 32 33 34 35 36 37 38 39 40 41 42 43 44 45 46 47 48 49 50 51 52 53 54 55 56 57 58 59 60 61 62 63 64 65 66 67 68 69 70 71 72 73 74 75 76 77 78 79 80 81 82 83 84]
0	:invoke	:read	nil
0	:ok	:read	[0 1 2 3 4 5 6 7 8 9 10 11 12 13 14 15 16 17 18 19 20 21 22 23 24 25 26 27 28 29 30 31 32 33 34 35 36 37 38 39 40 41 42 43 44 45 46 47 48 49 50 51 52 53 54 55 56 57 58 59 60 61 62 63 64 65 66 67 68 69 70 71 72 73 74 75 76 77 78 79 80 81 82 83 84]
1	:invoke	:read	nil
1	:ok	:read	[0 1 2 3 4 5 6 7 8 9 10 11 12 13 14 15 16 17 18 19 20 21 22 23 24 25 26 27 28 29 30 31 32 33 34 35 36 37 38 39 40 41 42 43 44 45 46 47 48 49 50 51 52 53 54 55 56 57 58 59 60 61 62 63 64 65 66 67 68 69 70 71 72 73 74 75 76 77 78 79 80 81 82 83 84]
2	:invoke	:read	nil
2	:ok	:read	[0 1 2 3 4 5 6 7 8 9 10 11 12 13 14 15 16 17 18 19 20 21 22 23 24 25 26 27 28 29 30 31 32 33 34 35 36 37 38 39 40 41 42 43 44 45 46 47 48 49 50 51 52 53 54 55 56 57 58 59 60 61 62 63 64 65 66 67 68 69 70 71 72 73 74 75 76 77 78 79 80 81 82 83 84]
3	:invoke	:broadcast	85
3	:ok	:broadcast	85
4	:invoke	:read	nil
4	:ok	:read	[0 1 2 3 4 5 6 7 8 9 10 11 12 13 14 15 16 17 18 19 20 21 22 23 24 25 26 27 28 29 30 31 32 33 34 35 36 37 38 39 40 41 42 43 44 45 46 47 48 49 50 51 52 53 54 55 56 57 58 59 60 61 62 63 64 65 66 67 68 69 70 71 72 73 74 75 76 77 78 79 80 81 82 83 84 85]
0	:invoke	:read	nil
0	:ok	:read	[0 1 2 3 4 5 6 7 8 9 10 11 12 13 14 15 16 17 18 19 20 21 22 23 24 25 26 27 28 29 30 31 32 33 34 35 36 37 38 39 40 41 42 43 44 45 46 47 48 49 50 51 52 53 54 55 56 57 58 59 60 61 62 63 64 65 66 67 68 69 70 71 72 73 74 75 76 77 78 79 80 81 82 83 84 85]
0	:invoke	:read	nil
0	:ok	:read	[0 1 2 3 4 5 6 7 8 9 10 11 12 13 14 15 16 17 18 19 20 21 22 23 24 25 26 27 28 29 30 31 32 33 34 35 36 37 38 39 40 41 42 43 44 45 46 47 48 49 50 51 52 53 54 55 56 57 58 59 60 61 62 63 64 65 66 67 68 69 70 71 72 73 74 75 76 77 78 79 80 81 82 83 84 85]
1	:invoke	:read	nil
1	:ok	:read	[0 1 2 3 4 5 6 7 8 9 10 11 12 13 14 15 16 17 18 19 20 21 22 23 24 25 26 27 28 29 30 31 32 33 34 35 36 37 38 39 40 41 42 43 44 45 46 47 48 49 50 51 52 53 54 55 56 57 58 59 60 61 62 63 64 65 66 67 68 69 70 71 72 73 74 75 76 77 78 79 80 81 82 83 84 85]
2	:invoke	:broadcast	86
2	:ok	:broadcast	86
3	:invoke	:read	nil
3	:ok	:read	[0 1 2 3 4 5 6 7 8 9 10 11 12 13 14 15 16 17 18 19 20 21 22 23 24 25 26 27 28 29 30 31 32 33 34 35 36 37 38 39 40 41 42 43 44 45 46 47 48 49 50 51 52 53 54 55 56 57 58 59 60 61 62 63 64 65 66 67 68 69 70 71 72 73 74 75 76 77 78 79 80 81 82 83 84 85 86]
4	:invoke	:broadcast	87
4	:ok	:broadcast	87
0	:invoke	:broadcast	88
0	:ok	:broadcast	88
0	:invoke	:broadcast	89
0	:ok	:broadcast	89
1	:invoke	:read	nil
1	:ok	:read	[0 1 2 3 4 5 6 7 8 9 10 11 12 13 14 15 16 17 18 19 20 21 22 23 24 25 26 27 28 29 30 31 32 33 34 35 36 37 38 39 40 41 42 43 44 45 46 47 48 49 50 51 52 53 54 55 56 57 58 59 60 61 62 63 64 65 66 67 68 69 70 71 72 73 74 75 76 77 78 79 80 81 82 83 84 85 86 87 88 89]
2	:invoke	:read	nil
2	:ok	:read	[0 1 2 3 4 5 6 7 8 9 10 11 12 13 14 15 16 17 18 19 20 21 22 23 24 25 26 27 28 29 30 31 32 33 34 35 36 37 38 39 40 41 42 43 44 45 46 47 48 49 50 51 52 53 54 55 56 57 58 59 60 61 62 63 64 65 66 67 68 69 70 71 72 73 74 75 76 77 78 79 80 81 82 83 84 85 86 87 88 89]
3	:invoke	:read	nil
3	:ok	:read	[0 1 2 3 4 5 6 7 8 9 10 11 12 13 14 15 16 17 18 19 20 21 22 23 24 25 26 27 28 29 30 31 32 33 34 35 36 37 38 39 40 41 42 43 44 45 46 47 48 49 50 51 52 53 54 55 56 57 58 59 60 61 62 63 64 65 66 67 68 69 70 71 72 73 74 75 76 77 78 79 80 81 82 83 84 85 86 87 88 89]
4	:invoke	:read	nil
4	:ok	:read	[0 1 2 3 4 5 6 7 8 9 10 11 12 13 14 15 16 17 18 19 20 21 22 23 24 25 26 27 28 29 30 31 32 33 34 35 36 37 38 39 40 41 42 43 44 45 46 47 48 49 50 51 52 53 54 55 56 57 58 59 60 61 62 63 64 65 66 67 68 69 70 71 72 73 74 75 76 77 78 79 80 81 82 83 84 85 86 87 88 89]
0	:invoke	:broadcast	90
0	:ok	:broadcast	90
0	:invoke	:broadcast	91
0	:ok	:broadcast	91
1	:invoke	:read	nil
1	:ok	:read	[0 1 2 3 4 5 6 7 8 9 10 11 12 13 14 15 16 17 18 19 20 21 22 23 24 25 26 27 28 29 30 31 32 33 34 35 36 37 38 39 40 41 42 43 44 45 46 47 48 49 50 51 52 53 54 55 56 57 58 59 60 61 62 63 64 65 66 67 68 69 70 71 72 73 74 75 76 77 78 79 80 81 82 83 84 85 86 87 88 89 90 91]
2	:invoke	:broadcast	92
2	:ok	:broadcast	92
3	:invoke	:read	nil
3	:ok	:read	[0 1 2 3 4 5 6 7 8 9 10 11 12 13 14 15 16 17 18 19 20 21 22 23 24 25 26 27 28 29 30 31 32 33 34 35 36 37 38 39 40 41 42 43 44 45 46 47 48 49 50 51 52 53 54 55 56 57 58 59 60 61 62 63 64 65 66 67 68 69 70 71 72 73 74 75 76 77 78 79 80 81 82 83 84 85 86 87 88 89 90 91 92]
1	:invoke	:read	nil
2	:invoke	:read	nil
0	:invoke	:read	nil
3	:invoke	:read	nil
4	:invoke	:read	nil
3	:ok	:read	[0 1 2 3 4 5 6 7 8 9 10 11 12 13 14 15 16 17 18 19 20 21 22 23 24 25 26 27 28 29 30 31 32 33 34 35 36 37 38 39 40 41 42 43 44 45 46 47 48 49 50 51 52 53 54 55 56 57 58 59 60 61 62 63 64 65 66 67 68 69 70 71 72 73 74 75 76 77 78 79 80 81 82 83 84 85 86 87 88 89 90 91 92]
2	:ok	:read	[0 1 2 3 4 5 6 7 8 9 10 11 12 13 14 15 16 17 18 19 20 21 22 23 24 25 26 27 28 29 30 31 32 33 34 35 36 37 38 39 40 41 42 43 44 45 46 47 48 49 50 51 52 53 54 55 56 57 58 59 60 61 62 63 64 65 66 67 68 69 70 71 72 73 74 75 76 77 78 79 80 81 82 83 84 85 86 87 88 89 90 91 92]
1	:ok	:read	[0 1 2 3 4 5 6 7 8 9 10 11 12 13 14 15 16 17 18 19 20 21 22 23 24 25 26 27 28 29 30 31 32 33 34 35 36 37 38 39 40 41 42 43 44 45 46 47 48 49 50 51 52 53 54 55 56 57 58 59 60 61 62 63 64 65 66 67 68 69 70 71 72 73 74 75 76 77 78 79 80 81 82 83 84 85 86 87 88 89 90 91 92]
4	:ok	:read	[0 1 2 3 4 5 6 7 8 9 10 11 12 13 14 15 16 17 18 19 20 21 22 23 24 25 26 27 28 29 30 31 32 33 34 35 36 37 38 39 40 41 42 43 44 45 46 47 48 49 50 51 52 53 54 55 56 57 58 59 60 61 62 63 64 65 66 67 68 69 70 71 72 73 74 75 76 77 78 79 80 81 82 83 84 85 86 87 88 89 90 91 92]
0	:ok	:read	[0 1 2 3 4 5 6 7 8 9 10 11 12 13 14 15 16 17 18 19 20 21 22 23 24 25 26 27 28 29 30 31 32 33 34 35 36 37 38 39 40 41 42 43 44 45 46 47 48 49 50 51 52 53 54 55 56 57 58 59 60 61 62 63 64 65 66 67 68 69 70 71 72 73 74 75 76 77 78 79 80 81 82 83 84 85 86 87 88 89 90 91 92]
